vals = [
    [65, -3, 6, 4, 4, 6, -3, 65],
    [-3, -29, 3, 1, 1, 3, -29, -3],
    [6, 3, 5, 3, 3, 5, 3, 6],
    [4, 1, 3, 1, 1, 3, 1, 4],
    [4, 1, 3, 1, 1, 3, 1, 4],
    [6, 3, 5, 3, 3, 5, 3, 6],
    [-3, -29, 3, 1, 1, 3, -29, -3],
    [65, -3, 6, 4, 4, 6, -3, 65],
]

vals = [
    [120, -10, 10, 7, 7, 10, -10, 120],
    [-10, -22, 0, -1, -1, 0, -22, -10],
    [10, 0, 5, 0, 0, 5, 0, 10],
    [7, -1, 0, -1, -1, 0, -1, 7],
    [7, -1, 0, -1, -1, 0, -1, 7],
    [10, 0, 5, 0, 0, 5, 0, 10],
    [-10, -22, 0, -1, -1, 0, -22, -10],
    [120, -10, 10, 7, 7, 10, -10, 120],
]

vals = [[40, -20, 1, 1, 1, 1, -20, 40], [-20, -35, 0, 0, 0, 0, -35, -20],
        [1, 0, 1, 1, 1, 1, 0, 1], [1, 0, 1, 2, 2, 1, 0, 1],
        [1, 0, 1, 2, 2, 1, 0, 1], [1, 0, 1, 1, 1, 1, 0, 1],
        [-20, -35, 0, 0, 0, 0, -35, -20], [40, -20, 1, 1, 1, 1, -20, 40]
]

vals = [
    [4, 0, 2, 1, 1, 2, 0, 4],
    [0, 1, 1, 0.5, 0.5, 1, 1, 0],
    [2, 1, 0.5, 0.3, 0.3, 0.5, 1, 2],
    [1, 0.5, 0.3, 0, 0, 0.3, 0.5, 1],
    [1, 0.5, 0.3, 0, 0, 0.3, 0.5, 1],
    [2, 1, 0.5, 0.3, 0.3, 0.5, 1, 2],
    [0, 1, 1, 0.5, 0.5, 1, 1, 0],
    [4, 0, 2, 1, 1, 2, 0, 4]
]